-------------------------------------------------------------------------------------------------------

发生日期        证券代码        证券名称        买卖标志        成交数量        成交价格        成交金额        发生金额         剩余金额         申报序号        股东代码          席位代码        委托编号        成交编号                证券数量        佣金        过户费        印花税        经手费        证管费        备注                                        
20151223        734299          申购款          买入            1000.00         3.690           3690.00         -3690.00         58442.23                         A488659361        20481           33934           -2866958                1000.00         0           0             0             0             0             股票质押融资申购新股申购                    
20151223        734778          申购款          买入            1000.00         18.980          18980.00        -18980.00        39462.23                         A488659361        20481           34057           -1855855                1000.00         0           0             0             0             0             股票质押融资申购新股申购                    
20151223        300494          盛天网络        买入            500.00          18.100          9050.00         -9050.00         30412.23                         0160856543        233100          34016           21654                   500.00          0           0             0             0             0             股票质押融资申购新股申购                    
20151223        300491          通合科技        买入            1000.00         10.480          10480.00        -10480.00        19932.23                         0160856543        233100          33796           34133                   1000.00         0           0             0             0             0             股票质押融资申购新股申购                    
20151223        300490          华自科技        买入            500.00          9.090           4545.00         -4545.00         15387.23                         0160856543        233100          34071           192348                  500.00          0           0             0             0             0             股票质押融资申购新股申购                    
20151223        002777          久远银海        买入            1000.00         11.460          11460.00        -11460.00        3927.23                          0160856543        233100          33971           316582                  1000.00         0           0             0             0             0             股票质押融资申购新股申购                    
20151224        736778          乾景配号        买入            1.00            18.980          0               0                3927.23                          A488659361        20481           34057           19173923                0               0           0             0             0             0             配号:19173923                               
20151224        736299          井神配号        买入            1.00            3.690           0               0                3927.23                          A488659361        20481           33934           38302932                0               0           0             0             0             0             配号:38302932                               
20151224        300491          通合科技        买入            2.00            10.480          0               0                3927.23                          0160856543        233100          33796           412306                  0               0           0             0             0             0             配号:    17613028                           
20151224        300494          盛天网络        买入            1.00            18.100          0               0                3927.23                          0160856543        233100          34016           497698                  0               0           0             0             0             0             配号:    25265390                           
20151224        300490          华自科技        买入            1.00            9.090           0               0                3927.23                          0160856543        233100          34071           540471                  0               0           0             0             0             0             配号:    22994398                           
20151224        002777          久远银海        买入            2.00            11.460          0               0                3927.23                          0160856543        233100          33971           621229                  0               0           0             0             0             0             配号:    22701131                           
20151225        734299          申购款          卖出            -1000.00        3.690           3690.00         3690.00          7617.23                          A488659361        20481           33934           -2866958                0               0           0             0             0             0             股票质押融资申购申购返款                    
20151225        734778          申购款          卖出            -1000.00        18.980          18980.00        18980.00         26597.23                         A488659361        20481           34057           -1855855                0               0           0             0             0             0             股票质押融资申购申购返款                    
20151225        300491          通合科技        卖出            -1000.00        10.480          10480.00        10480.00         37077.23                         0160856543        233100          33796           416541                  0               0           0             0             0             0             股票质押融资申购申购返款                    
20151225        300494          盛天网络        卖出            -500.00         18.100          9050.00         9050.00          46127.23                         0160856543        233100          34016           431000                  0               0           0             0             0             0             股票质押融资申购申购返款                    
20151225        300490          华自科技        卖出            -500.00         9.090           4545.00         4545.00          50672.23                         0160856543        233100          34071           466429                  0               0           0             0             0             0             股票质押融资申购申购返款                    
20151225        002777          久远银海        卖出            -1000.00        11.460          11460.00        11460.00         62132.23                         0160856543        233100          33971           530523                  0               0           0             0             0             0             股票质押融资申购申购返款                    
20160106        600834          申通地铁        买入            1000.00         19.660          19660.00        -19665.90        42466.33                         A488659361        20481           7188            2494168                 1000.00         4.16        0.39          0             0.96          0.39          证券买入                                    
20160106        600630          龙头股份        买入            200.00          31.370          6274.00         -6279.00         36187.33                         A488659361        20481           7523            2659976                 200.00          4.43        0.13          0             0.31          0.13          证券买入                                    
20160106        000705          浙江震元        买入            1000.00         16.300          16300.00        -16305.00        19882.33                         0160856543        233100          4267            2928431                 1000.00         3.55        0.33          0             0.79          0.33          证券买入                                    
20160106        300006          莱美药业        买入            500.00          34.800          17400.00        -17405.22        2477.11                          0160856543        233100          4506            3099671                 500.00          3.67        0.35          0             0.85          0.35          证券买入                                    
20160114        600630          龙头股份        卖出            -200.00         19.230          3846.00         3837.16          6314.27          6088            A488659361        20481           6088            2326566                 0               4.66        0.08          3.84          0.18          0.08          证券卖出                                    
20160114        600834          申通地铁        卖出            -1000.00        15.000          15000.00        14980.00         21294.27         6139            A488659361        20481           6139            2346298                 0               3.67        0.30          15.00         0.73          0.30          证券卖出                                    
20160114        511880          银华日利        买入            400.00          100.212         40084.80        -40084.80        -18790.53        7771            A488659361        20481           7771            2977665                 400.00          0           0             0             0             0             证券买入                                    
20160114        000705          浙江震元        卖出            -1000.00        13.060          13060.00        13041.94         -5748.59         6197            0160856543        233100          6197            4718191                 0               3.84        0.26          13.06         0.64          0.26          证券卖出                                    
20160114        300006          莱美药业        卖出            -500.00         28.350          14175.00        14155.82         8407.23          6257            0160856543        233100          6257            4769657                 0               3.75        0.28          14.18         0.69          0.28          证券卖出                                    
20160127        736377          东方配号        买入            0               0               0               0                8407.23          8421            A488659361        20481           8421                                    0               0           0             0             0             0             违规重复:02                                 
20160128        511880          银华日利        卖出            -400.00         100.319         40127.60        40127.60         48534.83         12061           A488659361        20481           12061           4685025                 0               0           0             0             0             0             证券卖出                                    
20160128        791900          南方配号        买入            2.00            0               0               0                48534.83         7624            A488659361        20481           7624                                    0               0           0             0             0             0             起始配号:100038989944                       
20160129        002788          鹭燕医药        买入            25.00           0               0               0                48534.83         2270            0160856543        233100          2270                                    0               0           0             0             0             0             起始配号:11349137                           
20160201        736608          天创配号        买入            1.00            0               0               0                48534.83         1843            A488659361        20481           1843                                    0               0           0             0             0             0             起始配号:100005074422                       
20160218        002769          普路通          买入            800.00          59.169          47335.00        -47349.20        1185.63          4584            0160856543        233100          4584            3948960                 800.00          9.99        0.95          0             2.31          0.95          证券买入                                    
20160223        300502          新易盛          买入            0               0               0               0                1185.63          394             0160856543        233100          394                                     0               0           0             0             0             0             失败原因:证券账户无效;错误号:B01            
20160226        511880          银华日利        买入            400.00          100.512         40204.80        -40204.80        -39019.17        10174           A488659361        20481           10174           4045839                 400.00          0           0             0             0             0             证券买入                                    
20160226        002769          普路通          卖出            -800.00         50.495          40396.00        40343.48         1324.31          7718            0160856543        233100          7718            6107452                 0               8.54        0.80          40.40         1.98          0.80          证券卖出                                    
20160325        511880          银华日利        买入            200.00          100.716         20143.20        -20143.20        1199.93          1138            A488659361        20481           1138            253610                  600.00          0           0             0             0             0             证券买入                                    
20160408        511880          银华日利        买入            100.00          100.827         10082.70        -10082.70        6117.23          23827           A488659361        20481           23827           10618330                700.00          0           0             0             0             0             证券买入                                    
20160509        511880          银华日利        买入            100.00          101.028         10102.80        -10102.80        8014.43          18061           A488659361        20481           18061           9037365                 800.00          0           0             0             0             0             证券买入                                    
20160516        511880          银华日利        卖出            -300.00         101.067         30320.10        30320.10         38334.53         10000           A488659361        20481           10000           3452894                 500.00          0           0             0             0             0             证券卖出                                    
20160518        511880          银华日利        卖出            -100.00         101.086         10108.60        10108.60         18443.13         6171            A488659361        20481           6171            2504680                 400.00          0           0             0             0             0             证券卖出                                    
20160526        511880          银华日利        买入            100.00          101.134         10113.40        -10113.40        329.73           3682            A488659361        20481           3682            925979                  500.00          0           0             0             0             0             证券买入                                    
20160606        511880          银华日利        卖出            -300.00         101.182         30354.60        30354.60         30684.33         1026            A488659361        20481           1026            231172                  200.00          0           0             0             0             0             证券卖出                                    
20160606        511880          银华日利        卖出            -200.00         101.183         20236.60        20236.60         50920.93         4790            A488659361        20481           4790            1802168                 0               0           0             0             0             0             证券卖出                                    
20160606        300104          乐视网          买入            500.00          55.400          27700.00        -27708.31        23212.62         1203            0160856543        233100          1203            0101000000723084        500.00          5.86        0.55          0             1.35          0.55          证券买入                                    
20160606        300104          乐视网          买入            400.00          53.500          21400.00        -21406.42        1806.20          4832            0160856543        233100          4832            0101000003875398        900.00          4.52        0.43          0             1.04          0.43          证券买入                                    
20160607        300104          乐视网          买入            200.00          53.510          10702.00        -10707.00        4099.20          4339            0160856543        233100          4339            0104000003255738        1100.00         4.06        0.21          0             0.52          0.21          证券买入                                    
20160714        300104          乐视网          买入            300.00          50.900          15270.00        -15275.00        3827.61          14186           0160856543        233100          14186           0102000008907009        1400.00         3.64        0.31          0             0.74          0.31          证券买入                                    
20160809        300104          乐视网          买入            300.00          45.660          13698.00        -13703.00        124.61           1721            0160856543        233100          1721            0102000000519239        1700.00         3.79        0.27          0             0.67          0.27          证券买入                                    
20160919        002230          科大讯飞        买入            600.00          29.510          17706.00        -17711.31        2413.30          6907            0160856543        233100          6907            0103000003842318        600.00          3.73        0.36          0             0.86          0.36          证券买入                                    
20161103        300566          激智科技        买入            39.00           0               0               0                2416.68          1053            0160856543        233100          1053                                    0               0           0             0             0             0             起始配号:8986597                            
20161104        300561          汇金科技        买入            28.00           0               0               0                2416.68          14264           0160856543        233100          14264                                   0               0           0             0             0             0             起始配号:147173197                          
20161107        300562          乐心医疗        买入            0               0               0               0                2416.68          13496           0160856543        233100          13496                                   0               0           0             0             0             0             失败原因:对应证券账户无效;错误号:B01        
20161108        002820          桂发祥          买入            0               0               0               0                2416.68          432             0160856543        233100          432                                     0               0           0             0             0             0             失败原因:对应证券账户无效;错误号:B01        
20161109        002821          凯莱英          买入            22.00           0               0               0                2416.68          458             0160856543        233100          458                                     0               0           0             0             0             0             起始配号:1998386                            
20161110        300565          科信技术        买入            30.00           0               0               0                2416.68          4436            0160856543        233100          4436                                    0               0           0             0             0             0             起始配号:27097900                           
20161111        300567          精测电子        买入            40.00           0               0               0                2416.68          11907           0160856543        233100          11907                                   0               0           0             0             0             0             起始配号:53037625                           
20161115        002823          凯中精密        买入            28.00           0               0               0                2416.68          581             0160856543        233100          581                                     0               0           0             0             0             0             起始配号:3068741                            
20161116        300569          天能重工        买入            16.00           0               0               0                2416.68          953             0160856543        233100          953                                     0               0           0             0             0             0             起始配号:3145944                            
20161117        002822          中装建设        买入            60.00           0               0               0                2416.68          470             0160856543        233100          470                                     0               0           0             0             0             0             起始配号:1753573                            
20161118        002825          纳尔股份        买入            20.00           0               0               0                2416.68          459             0160856543        233100          459                                     0               0           0             0             0             0             起始配号:1439716                            
