-------------------------------------------------------------------------------------------------------

发生日期        证券代码        证券名称        买卖标志        成交数量        成交价格        成交金额        发生金额         剩余金额         申报序号        股东代码          席位代码        委托编号        成交编号                证券数量        佣金        过户费        印花税        经手费        证管费        备注                                                      
20161121        300568          星源材质        买入            24.00           0               0               0                2416.68          483             0160856543        233100          483                                     0               0           0             0             0             0             起始配号:1960874                                          
20161122        002826          易明医药        买入            37.00           0               0               0                2416.68          1565            0160856543        233100          1565                                    0               0           0             0             0             0             起始配号:11509905                                         
20161123        300572          安车检测        买入            33.00           0               0               0                2416.68          558             0160856543        233100          558                                     0               0           0             0             0             0             起始配号:2861959                                          
20161125        002827          高争民爆        买入            36.00           0               0               0                2416.68          835             0160856543        233100          835                                     0               0           0             0             0             0             起始配号:5309678                                          
20161128        002828          贝肯能源        买入            22.00           0               0               0                2416.68          421             0160856543        233100          421                                     0               0           0             0             0             0             起始配号:1753839                                          
20161129        300573          兴齐眼药        买入            40.00           0               0               0                2416.68          705             0160856543        233100          705                                     0               0           0             0             0             0             起始配号:3542273                                          
20161130        300571          平治信息        买入            20.00           0               0               0                2416.68          469             0160856543        233100          469                                     0               0           0             0             0             0             起始配号:1809536                                          
20161201        002830          名雕股份        买入            33.00           0               0               0                2416.68          468             0160856543        233100          468                                     0               0           0             0             0             0             起始配号:2883875                                          
20161202        002829          星网宇达        买入            38.00           0               0               0                2416.68          4250            0160856543        233100          4250                                    0               0           0             0             0             0             起始配号:36629593                                         
20161205        002831          裕同科技        买入            24.00           0               0               0                2416.68          395             0160856543        233100          395                                     0               0           0             0             0             0             起始配号:1933388                                          
20161206        300575          中旗股份        买入            36.00           0               0               0                2416.68          3732            0160856543        233100          3732                                    0               0           0             0             0             0             起始配号:32762758                                         
20161207        300576          容大感光        买入            40.00           0               0               0                2416.68          357             0160856543        233100          357                                     0               0           0             0             0             0             起始配号:2264918                                          
20161208        300577          开润股份        买入            33.00           0               0               0                2416.68          5905            0160856543        233100          5905                                    0               0           0             0             0             0             起始配号:49818692                                         
20161209        300581          晨曦航空        买入            22.00           0               0               0                2416.68          1150            0160856543        233100          1150                                    0               0           0             0             0             0             起始配号:6019725                                          
20161212        300579          数字认证        买入            40.00           0               0               0                2416.68          2140            0160856543        233100          2140                                    0               0           0             0             0             0             起始配号:16917189                                         
20161214        002832          比音勒芬        买入            0               0               0               0                2416.68          371             0160856543        233100          371                                     0               0           0             0             0             0             失败原因:因多个证券账户参与新股申购无效;错误号:B01        
20161215        002835          同为股份        买入            21.00           0               0               0                2416.68          450             0160856543        233100          450                                     0               0           0             0             0             0             起始配号:2140159                                          
20161216        300582          英飞特          买入            26.00           0               0               0                2416.68          1028            0160856543        233100          1028                                    0               0           0             0             0             0             起始配号:5572683                                          
20161219        002833          弘亚数控        买入            26.00           0               0               0                16.68            3665            0160856543        233100          3665                                    0               0           0             0             0             0             起始配号:21568935                                         
20161219        002837          英维克          买入            40.00           0               0               0                16.68            3666            0160856543        233100          3666                                    0               0           0             0             0             0             起始配号:26530907                                         
20161220        300585          奥联电子        买入            40.00           0               0               0                18.49            447             0160856543        233100          447                                     0               0           0             0             0             0             起始配号:2959406                                          
20161221        002836          新宏泽          买入            40.00           0               0               0                18.49            8979            0160856543        233100          8979                                    0               0           0             0             0             0             起始配号:102271959                                        
20161222        300586          美联新材        买入            19.00           0               0               0                18.49            5864            0160856543        233100          5864                                    0               0           0             0             0             0             起始配号:28618850                                         
20161223        300588          熙菱信息        买入            20.00           0               0               0                18.49            2336            0160856543        233100          2336                                    0               0           0             0             0             0             起始配号:10227462                                         
20161226        300587          天铁股份        买入            20.00           0               0               0                18.49            4559            0160856543        233100          4559                                    0               0           0             0             0             0             起始配号:21310310                                         
20161226        002838          道恩股份        买入            16.00           0               0               0                18.49            4558            0160856543        233100          4558                                    0               0           0             0             0             0             起始配号:22033148                                         
20161228        300591          万里马          买入            48.00           0               0               0                18.49            2199            0160856543        233100          2199                                    0               0           0             0             0             0             起始配号:16670186                                         
20161229        300590          移为通信        买入            40.00           0               0               0                18.49            5779            0160856543        233100          5779                                    0               0           0             0             0             0             起始配号:48105160                                         
20161230        300584          海辰药业        买入            40.00           0               0               0                18.49            18473           0160856543        233100          18473                                   0               0           0             0             0             0             起始配号:220856756                                        
20161230        300580          贝斯特          买入            30.00           0               0               0                18.49            18472           0160856543        233100          18472                                   0               0           0             0             0             0             起始配号:188345614                                        
20170103        002824          和胜股份        买入            24.00           0               0               0                18.49            5738            0160856543        233100          5738                                    0               0           0             0             0             0             起始配号:38306990                                         
20170104        300593          新雷能          买入            23.00           0               0               0                18.49            5320            0160856543        233100          5320                                    0               0           0             0             0             0             起始配号:31423243                                         
20170104        300589          江龙船艇        买入            17.00           0               0               0                18.49            5319            0160856543        233100          5319                                    0               0           0             0             0             0             起始配号:25942956                                         
20170105        002842          翔鹭钨业        买入            20.00           0               0               0                18.49            1714            0160856543        233100          1714                                    0               0           0             0             0             0             起始配号:7434323                                          
20170106        300596          利安隆          买入            24.00           0               0               0                18.49            2848            0160856543        233100          2848                                    0               0           0             0             0             0             起始配号:14046659                                         
20170106        300595          欧普康视        买入            34.00           0               0               0                18.49            2847            0160856543        233100          2847                                    0               0           0             0             0             0             起始配号:17322488                                         
20170109        300592          华凯创意        买入            24.00           0               0               0                18.49            1103            0160856543        233100          1103                                    0               0           0             0             0             0             起始配号:4580058                                          
20170109        002841          视源股份        买入            23.00           0               0               0                18.49            1102            0160856543        233100          1102                                    0               0           0             0             0             0             起始配号:5346225                                          
20170110        002843          泰嘉股份        买入            28.00           0               0               0                18.49            6160            0160856543        233100          6160                                    0               0           0             0             0             0             起始配号:40801864                                         
20170111        300598          诚迈科技        买入            40.00           0               0               0                18.49            5719            0160856543        233100          5719                                    0               0           0             0             0             0             起始配号:43596377                                         
20170111        300599          雄塑科技        买入            60.00           0               0               0                18.49            5720            0160856543        233100          5720                                    0               0           0             0             0             0             起始配号:52495491                                         
20170112        002839          张家港行        买入            58.00           0               0               0                18.49            627             0160856543        233100          627                                     0               0           0             0             0             0             起始配号:5588703                                          
20170112        300597          吉大通信        买入            48.00           0               0               0                18.49            628             0160856543        233100          628                                     0               0           0             0             0             0             起始配号:3491962                                          
20170113        511880          银华日利        买入            100.00          100.192         10019.20        -10019.20        -10000.71        13599           A488659361        20481           13599           3867119                 100.00          0           0             0             0             0             证券买入                                                  
20170113        002230          科大讯飞        卖出            -600.00         27.170          16302.00        16280.70         6279.99          13217           0160856543        233100          13217           0104000004261576        0               3.55        0.33          16.30         0.79          0.33          证券卖出                                                  
20170113        002845          同兴达          买入            19.00           0               0               0                6279.99          9233            0160856543        233100          9233                                    0               0           0             0             0             0             起始配号:59048098                                         
20170116        511880          银华日利        买入            600.00          100.192         60115.20        -60115.20        -53835.21        23589           A488659361        20481           23589           9370299                 700.00          0           0             0             0             0             证券买入                                                  
20170116        300104          乐视网          卖出            -910.00         35.800          32578.00        32535.65         -21299.56        22589           0160856543        233100          22589           0104000009613691        790.00          6.89        0.65          32.58         1.58          0.65          证券卖出                                                  
20170116        300104          乐视网          卖出            -790.00         35.580          28108.20        28071.66         6772.10          23490           0160856543        233100          23490           0104000010195697        0               5.94        0.56          28.11         1.37          0.56          证券卖出                                                  
20170116        300600          瑞特股份        买入            20.00           0               0               0                6772.10          305             0160856543        233100          305                                     0               0           0             0             0             0             起始配号:747051                                           
20170116        300578          会畅通讯        买入            36.00           0               0               0                6772.10          304             0160856543        233100          304                                     0               0           0             0             0             0             起始配号:1086086                                          
20170117        300603          立昂技术        买入            20.00           0               0               0                6772.10          10066           0160856543        233100          10066                                   0               0           0             0             0             0             起始配号:63101356                                         
20170117        300602          飞荣达          买入            20.00           0               0               0                6772.10          10064           0160856543        233100          10064                                   0               0           0             0             0             0             起始配号:63405659                                         
20170118        300606          金太阳          买入            16.00           0               0               0                6772.10          4362            0160856543        233100          4362                                    0               0           0             0             0             0             起始配号:18802379                                         
20170119        002847          盐津铺子        买入            24.00           0               0               0                4772.10          5939            0160856543        233100          5939                                    0               0           0             0             0             0             起始配号:38155317                                         
20170119        002846          英联股份        买入            24.00           0               0               0                4772.10          5938            0160856543        233100          5938                                    0               0           0             0             0             0             起始配号:38380829                                         
