-------------------------------------------------------------------------------------------------------

发生日期        证券代码        证券名称        买卖标志        成交数量        成交价格        成交金额         发生金额          剩余金额          申报序号        股东代码          席位代码        委托编号        成交编号                证券数量        佣金         过户费        印花税        经手费        证管费        备注                                                                                                                                                                     
20151222        600130          波导股份        买入            3000.00         11.250          33750.00         -33777.00         111323.97                         E039302683        12982           1986            11388152                3000.00         24.00        0.68          0             1.64          0.68          证券买入                                                                                                                                                                 
20151223        002681          奋达科技        买入            500.00          39.880          19940.00         -19955.95         91368.02                          0603936443        354000          2486            39788076                2600.00         14.18        0.40          0             0.97          0.40          证券买入                                                                                                                                                                 
20151225        002312          三泰控股        买入            1500.00         28.270          42405.00         -42438.92         48929.10                          0603936443        354000          784             9301664                 3100.00         30.15        0.85          0             2.07          0.85          证券买入                                                                                                                                                                 
20151225        300273          和佳股份        买入            2200.00         22.000          48400.00         -48438.72         490.38                            0603936443        354000          1365            17472549                2200.00         34.42        0.97          0             2.36          0.97          证券买入                                                                                                                                                                 
20151231        002681          奋达科技        卖出            -500.00         42.018          21009.00         20971.18          21461.56                          0603936443        354000          371             4790187                 2100.00         14.95        0.42          21.01         1.02          0.42          证券卖出                                                                                                                                                                 
20160105        603611          诺力股份        卖出            -1300.00        32.500          42250.00         42173.95          63635.51                          E039302683        12982           147             742122                  0               30.02        0.86          42.25         2.06          0.86          证券卖出                                                                                                                                                                 
20160105        600130          波导股份        卖出            -3000.00        9.450           28351.00         28299.96          91935.47                          E039302683        12982           285             1523998                 0               20.17        0.56          28.36         1.39          0.56          证券卖出                                                                                                                                                                 
20160105        002681          奋达科技        卖出            -1000.00        38.290          38290.00         38221.08          130156.55                         0603936443        354000          238             2457165                 1100.00         27.22        0.77          38.29         1.87          0.77          证券卖出                                                                                                                                                                 
20160105        002403          爱仕达          卖出            -1000.00        13.680          13680.00         13655.38          143811.93                         0603936443        354000          345             4245010                 0               9.71         0.28          13.68         0.67          0.28          证券卖出                                                                                                                                                                 
20160105        002183          怡 亚 通        卖出            -600.00         38.680          23208.00         23166.22          166978.15                         0603936443        354000          358             4372829                 600.00          16.52        0.46          23.21         1.13          0.46          证券卖出                                                                                                                                                                 
20160105        002681          奋达科技        卖出            -1100.00        39.760          43736.00         43657.27          210635.42                         0603936443        354000          626             8871665                 0               31.12        0.87          43.74         2.13          0.87          证券卖出                                                                                                                                                                 
20160113        002183          怡 亚 通        买入            600.00          29.450          17670.00         -17684.14         192951.28         1425            0603936443        354000          1425            18359896                1200.00         12.55        0.36          0             0.87          0.36          证券买入                                                                                                                                                                 
20160114        002183          怡 亚 通        卖出            -600.00         27.080          16248.00         16218.75          209170.03         410             0603936443        354000          410             4693617                 600.00          11.57        0.32          16.25         0.79          0.32          证券卖出                                                                                                                                                                 
20160122        300499          高澜股份        买入            33.00           0               0                0                 209170.03         682             0603936443        354000          682                                     0               0            0             0             0             0             起始配号:58001666                                                                                                                                                        
20160125        300500          苏州设计        买入            30.00           0               0                0                 209170.03         1213            0603936443        354000          1213                                    0               0            0             0             0             0             起始配号:112437500                                                                                                                                                       
20160126        300501          海顺新材        买入            26.00           0               0                0                 209170.03         85              0603936443        354000          85                                      0               0            0             0             0             0             起始配号:6826682                                                                                                                                                         
20160127        736377          东方配号        买入            2.00            0               0                0                 209170.03         555             E039302683        12982           555                                     0               0            0             0             0             0             起始配号:100016744618                                                                                                                                                    
20160128        791900          南方配号        买入            0               0               0                0                 209170.03         478             E039302683        12982           478                                     0               0            0             0             0             0             失败原因:违规重复;错误号:02                                                                                                                                              
20160129        002788          鹭燕医药        买入            0               0               0                0                 209170.03         223             0603936443        354000          223                                     0               0            0             0             0             0             失败原因:证券账户无效;错误号:B01                                                                                                                                         
20160201        736608          天创配号        买入            0               0               0                0                 209170.03         275             E039302683        12982           275                                     0               0            0             0             0             0             失败原因:违规重复;错误号:02                                                                                                                                              
20160218        002230          科大讯飞        买入            3000.00         30.800          92400.00         -92473.92         116696.11         373             0603936443        354000          373             5020106                 3000.00         65.72        1.85          0             4.50          1.85          证券买入                                                                                                                                                                 
20160219        002183          怡 亚 通        买入            600.00          29.000          17400.00         -17413.92         99282.19          614             0603936443        354000          614             10822482                1200.00         12.37        0.35          0             0.85          0.35          证券买入                                                                                                                                                                 
20160219        002183          怡 亚 通        卖出            -600.00         29.720          17832.00         17799.90          117082.09         955             0603936443        354000          955             14838862                600.00          12.68        0.36          17.83         0.87          0.36          证券卖出                                                                                                                                                                 
20160223        300502          新易盛          买入            32.00           0               0                0                 117082.09         16              0603936443        354000          16                                      0               0            0             0             0             0             起始配号:655135                                                                                                                                                          
20160224        002230          科大讯飞        买入            1000.00         29.680          29680.00         -29703.74         87378.35          1218            0603936443        354000          1218            16389702                4000.00         21.11        0.59          0             1.45          0.59          证券买入                                                                                                                                                                 
20160225        002790          瑞尔特          买入            32.00           0               0                0                 87378.35          49              0603936443        354000          49                                      0               0            0             0             0             0             起始配号:5594954                                                                                                                                                         
20160226        511880          银华日利        买入            800.00          100.513         80410.40         -80410.40         6967.95           736             E039302683        12982           736             4504627                 800.00          0            0             0             0             0             证券买入                                                                                                                                                                 
20160229        300503          昊志机电        买入            20.00           0               0                0                 6967.95           12              0603936443        354000          12                                      0               0            0             0             0             0             起始配号:607695                                                                                                                                                          
20160302        002789          建艺集团        买入            16.00           0               0                0                 6967.95           1230            0603936443        354000          1230                                    0               0            0             0             0             0             起始配号:75428338                                                                                                                                                        
20160304        300505          川金诺          买入            18.00           0               0                0                 6967.95           811             0603936443        354000          811                                     0               0            0             0             0             0             起始配号:44196367                                                                                                                                                        
20160310        511880          银华日利        卖出            -800.00         100.640         80512.00         80512.00          87479.95          859             E039302683        12982           859             4582053                 0               0            0             0             0             0             证券卖出                                                                                                                                                                 
20160310        300273          和佳股份        买入            3000.00         13.360          40080.00         -40112.06         47367.89          920             0603936443        354000          920             012115306               5200.00         28.49        0.80          0             1.97          0.80          证券买入                                                                                                                                                                 
20160311        300484          蓝海华腾        买入            26.00           0               0                0                 47367.89          518             0603936443        354000          518                                     0               0            0             0             0             0             起始配号:45345301                                                                                                                                                        
20160315        002049          同方国芯        买入            500.00          44.100          22050.00         -22067.64         25300.25          297             0603936443        354000          297             004813394               500.00          15.69        0.44          0             1.07          0.44          证券买入                                                                                                                                                                 
20160315        300506          名家汇          买入            24.00           0               0                0                 25300.25          131             0603936443        354000          131                                     0               0            0             0             0             0             起始配号:9411589                                                                                                                                                         
20160317        002792          通宇通讯        买入            30.00           0               0                0                 25300.25          226             0603936443        354000          226                                     0               0            0             0             0             0             起始配号:20190045                                                                                                                                                        
20160318        002791          坚朗五金        买入            42.00           0               0                0                 25395.78          219             0603936443        354000          219                                     0               0            0             0             0             0             起始配号:16752699                                                                                                                                                        
20160322        300474          景嘉微          买入            26.00           0               0                0                 25395.78          181             0603936443        354000          181                                     0               0            0             0             0             0             起始配号:6775792                                                                                                                                                         
20160324        300176          鸿特精密        买入            1000.00         24.850          24850.00         -24869.88         525.90            135             0603936443        354000          135             000464810               1000.00         17.67        0.50          0             1.21          0.50          证券买入                                                                                                                                                                 
20160324        300273          和佳股份        卖出            -3000.00        15.640          46920.00         46835.54          47361.44          1061            0603936443        354000          1061            016048972               2200.00         33.40        0.93          46.92         2.28          0.93          证券卖出                                                                                                                                                                 
20160325        002049          同方国芯        买入            1100.00         42.890          47179.00         -47216.74         144.70            162             0603936443        354000          162             001185851               1600.00         33.56        0.94          0             2.30          0.94          证券买入                                                                                                                                                                 
20160329        002049          同方国芯        卖出            -1600.00        42.330          67728.00         67606.09          67750.79          220             0603936443        354000          220             001687523               0               48.18        1.35          67.73         3.30          1.35          证券卖出                                                                                                                                                                 
20160329        300176          鸿特精密        卖出            -1000.00        25.290          25290.00         25244.48          92995.27          228             0603936443        354000          228             001771670               0               17.98        0.51          25.29         1.23          0.51          证券卖出                                                                                                                                                                 
20160330        511880          银华日利        买入            900.00          100.732         90658.80         -90658.80         2336.47           1012            E039302683        12982           1012            5571161                 900.00          0            0             0             0             0             证券买入                                                                                                                                                                 
20160401        511880          银华日利        卖出            -400.00         100.770         40308.00         40308.00          42644.47          424             E039302683        12982           424             2232488                 500.00          0            0             0             0             0             证券卖出                                                                                                                                                                 
20160401        002117          东港股份        买入            1200.00         32.620          39144.00         -39175.32         3469.15           434             0603936443        354000          434             005425163               1200.00         27.83        0.79          0             1.91          0.79          证券买入                                                                                                                                                                 
20160405        511880          银华日利        卖出            -400.00         100.783         40313.20         40313.20          43782.35          2148            E039302683        12982           2148            12356710                100.00          0            0             0             0             0             证券卖出                                                                                                                                                                 
20160405        603861          白云电器        买入            100.00          27.390          2739.00          -2744.00          41038.35          2253            E039302683        12982           2253            13338834                100.00          4.77         0.05          0             0.13          0.05          证券买入                                                                                                                                                                 
20160405        000620          新华联          买入            2800.00         7.770           21756.00         -21773.40         19264.95          2167            0603936443        354000          2167            026781756               2800.00         15.46        0.44          0             1.06          0.44          证券买入                                                                                                                                                                 
20160406        300294          博雅生物        买入            400.00          46.810          18724.00         -18738.98         525.97            1687            0603936443        354000          1687            031374966               400.00          13.33        0.37          0             0.91          0.37          证券买入                                                                                                                                                                 
20160406        002793          东音股份        买入            20.00           0               0                0                 525.97            1184            0603936443        354000          1184                                    0               0            0             0             0             0             起始配号:75936714                                                                                                                                                        
20160407        511880          银华日利        卖出            -100.00         100.805         10080.50         10080.50          10606.47          1404            E039302683        12982           1404            8760195                 0               0            0             0             0             0             证券卖出                                                                                                                                                                 
20160407        000620          新华联          买入            500.00          7.570           3785.00          -3790.00          6816.47           1624            0603936443        354000          1624            024319511               3300.00         4.66         0.08          0             0.18          0.08          证券买入                                                                                                                                                                 
20160407        000620          新华联          买入            800.00          7.560           6048.00          -6053.00          763.47            1641            0603936443        354000          1641            024504516               4100.00         4.47         0.12          0             0.29          0.12          证券买入                                                                                                                                                                 
20160408        300508          维宏股份        买入            11.00           0               0                0                 763.47            333             0603936443        354000          333                                     0               0            0             0             0             0             起始配号:9761472                                                                                                                                                         
20160411        300024          机器人          买入            600.00          61.730          0                0                 763.47                            0603936443        354000          0                                       1100.00         0            0             0             0             0             红股入账                                                                                                                                                                 
20160411        300024          机器人          卖出            0               61.730          50.00            50.00             813.47                            0603936443        354000          0                                       0               0            0             0             0             0             股息入账:机器人300024;股东账号：0603936443;                                                                                                                              
20160412        603861          白云电器        卖出            -100.00         27.650          2765.00          2757.23           3570.70           1061            E039302683        12982           1061            6466505                 0               4.75         0.06          2.77          0.13          0.06          证券卖出                                                                                                                                                                 
20160412        511880          银华日利        买入            1700.00         100.833         171416.10        -171416.10        -167845.40        1079            E039302683        12982           1079            6614476                 1700.00         0            0             0             0             0             证券买入                                                                                                                                                                 
20160412        300294          博雅生物        卖出            -400.00         46.055          18422.00         18388.84          -149456.56        1060            0603936443        354000          1060            015417753               0               13.12        0.36          18.42         0.90          0.36          证券卖出                                                                                                                                                                 
20160412        000620          新华联          卖出            -4100.00        7.405           30362.00         30307.34          -119149.22        1066            0603936443        354000          1066            015453585               0               21.62        0.60          30.37         1.47          0.60          证券卖出                                                                                                                                                                 
20160412        002183          怡 亚 通        卖出            -600.00         29.680          17808.00         17775.94          -101373.28        1070            0603936443        354000          1070            015471805               0               12.66        0.36          17.81         0.87          0.36          证券卖出                                                                                                                                                                 
20160412        300024          机器人          卖出            -1100.00        27.220          29942.00         29888.11          -71485.17         1072            0603936443        354000          1072            015484349               0               21.29        0.60          29.94         1.46          0.60          证券卖出                                                                                                                                                                 
20160412        002117          东港股份        卖出            -1200.00        31.100          37320.00         37252.82          -34232.35         1068            0603936443        354000          1068            015512596               0               26.54        0.75          37.32         1.82          0.75          证券卖出                                                                                                                                                                 
20160412        300273          和佳股份        卖出            -2200.00        16.760          36872.00         36805.63          2573.28           1074            0603936443        354000          1074            015565635               0               26.23        0.74          36.87         1.79          0.74          证券卖出                                                                                                                                                                 
20160413        300024          机器人          买入            0               0               25.00            -25.00            2548.28                           0603936443        354000          0                                       0               0            0             0             0             0             股息红利税差异化处理资金下账 证券代码:'300024' 初始持有日期:'0'计税日期:'20160413' 税号:'0051545673'补税税率:'0.000000' 需纳税数量:'0.000000' 减持日期:'20160412'        
20160414        300509          新美星          买入            40.00           0               0                0                 2548.28           330             0603936443        354000          330                                     0               0            0             0             0             0             起始配号:24751384                                                                                                                                                        
20160418        002230          科大讯飞        卖出            0               27.930          400.00           400.00            2948.28                           0603936443        354000          0                                       0               0            0             0             0             0             股息入账:科大讯飞002230;股东账号：0603936443;                                                                                                                            
20160419        002795          永和智控        买入            20.00           0               0                0                 2948.28           994             0603936443        354000          994                                     0               0            0             0             0             0             起始配号:90623679                                                                                                                                                        
20160420        300507          苏奥传感        买入            33.00           0               0                0                 2948.28           274             0603936443        354000          274                                     0               0            0             0             0             0             起始配号:19805659                                                                                                                                                        
20160422        300511          雪榕生物        买入            30.00           0               0                0                 2948.28           100             0603936443        354000          100                                     0               0            0             0             0             0             起始配号:8046254                                                                                                                                                         
20160426        300510          金冠电气        买入            17.00           0               0                0                 2948.28           600             0603936443        354000          600                                     0               0            0             0             0             0             起始配号:51221858                                                                                                                                                        
20160510        511880          银华日利        卖出            -600.00         101.035         60621.00         60621.00          63569.28          241             E039302683        12982           241             1074682                 1100.00         0            0             0             0             0             证券卖出                                                                                                                                                                 
20160512        601555          东吴证券        买入            1500.00         11.440          17160.00         -17173.73         46395.55          1158            E039302683        12982           1158            7481254                 1500.00         12.21        0.34          0             0.84          0.34          证券买入                                                                                                                                                                 
20160512        002736          国信证券        买入            1500.00         14.590          21885.00         -21902.51         24493.04          1162            0603936443        354000          1162            0103000012447807        1500.00         15.54        0.45          0             1.07          0.45          证券买入                                                                                                                                                                 
20160512        002673          西部证券        买入            1100.00         21.940          24134.00         -24153.31         339.73            1167            0603936443        354000          1167            0104000012814249        1100.00         17.17        0.48          0             1.18          0.48          证券买入                                                                                                                                                                 
20160516        002798          帝王洁具        买入            17.00           0               0                0                 339.73            134             0603936443        354000          134                                     0               0            0             0             0             0             起始配号:100803017                                                                                                                                                       
20160517        300512          中亚股份        买入            26.00           0               0                0                 339.73            790             0603936443        354000          790                                     0               0            0             0             0             0             起始配号:69011450                                                                                                                                                        
20160518        300513          恒泰实达        买入            36.00           0               0                0                 339.73            491             0603936443        354000          491                                     0               0            0             0             0             0             起始配号:35958188                                                                                                                                                        
20160519        511880          银华日利        卖出            -1100.00        101.090         111199.00        111199.00         111538.73         151             E039302683        12982           151             415295                  0               0            0             0             0             0             证券卖出                                                                                                                                                                 
20160519        601555          东吴证券        卖出            -1500.00        11.540          17310.00         17278.84          128817.57         488             E039302683        12982           488             1958276                 0               12.30        0.35          17.31         0.85          0.35          证券卖出                                                                                                                                                                 
20160519        511880          银华日利        买入            1000.00         101.088         101088.00        -101088.00        27729.57          459             E039302683        12982           459             2310187                 1000.00         0            0             0             0             0             证券买入                                                                                                                                                                 
20160519        511880          银华日利        买入            700.00          101.088         70761.60         -70761.60         -43032.03         505             E039302683        12982           505             2349850                 1700.00         0            0             0             0             0             证券买入                                                                                                                                                                 
20160519        002673          西部证券        卖出            -1100.00        22.610          24871.00         24826.23          -18205.80         485             0603936443        354000          485             0104000004021998        0               17.69        0.50          24.87         1.21          0.50          证券卖出                                                                                                                                                                 
20160519        002736          国信证券        卖出            -1500.00        14.610          21915.00         21875.55          3669.75           487             0603936443        354000          487             0101000004478330        0               15.58        0.44          21.92         1.07          0.44          证券卖出                                                                                                                                                                 
20160519        002800          天顺股份        买入            37.00           0               0                0                 3669.75           67              0603936443        354000          67                                      0               0            0             0             0             0             起始配号:35285471                                                                                                                                                        
20160524        300516          久之洋          买入            24.00           0               0                0                 3669.75           123             0603936443        354000          123                                     0               0            0             0             0             0             起始配号:9755961                                                                                                                                                         
20160527        511880          银华日利        卖出            -1700.00        101.144         171944.80        171944.80         175614.55         245             E039302683        12982           245             766488                  0               0            0             0             0             0             证券卖出                                                                                                                                                                 
20160527        603919          金徽酒          买入            1600.00         27.000          43200.00         -43234.56         132379.99         345             E039302683        12982           345             1159148                 1600.00         30.74        0.86          0             2.10          0.86          证券买入                                                                                                                                                                 
20160527        511880          银华日利        买入            1200.00         101.141         121369.20        -121369.20        11010.79          1171            E039302683        12982           1171            6300212                 1200.00         0            0             0             0             0             证券买入                                                                                                                                                                 
20160527        002799          环球印务        买入            20.00           0               0                0                 11010.79          239             0603936443        354000          239                                     0               0            0             0             0             0             起始配号:20836905                                                                                                                                                        
20160530        511880          银华日利        卖出            -400.00         101.156         40462.40         40462.40          51473.19          344             E039302683        12982           344             1385694                 800.00          0            0             0             0             0             证券卖出                                                                                                                                                                 
20160530        603919          金徽酒          买入            1900.00         26.760          50844.00         -50884.68         588.51            1032            E039302683        12982           1032            5459839                 3500.00         36.18        1.01          0             2.48          1.01          证券买入                                                                                                                                                                 
20160530        300515          三德科技        买入            20.00           0               0                0                 588.51            265             0603936443        354000          265                                     0               0            0             0             0             0             起始配号:17060072                                                                                                                                                        
20160603        511880          银华日利        卖出            -800.00         101.179         80943.20         80943.20          81531.71          146             E039302683        12982           146             411164                  0               0            0             0             0             0             证券卖出                                                                                                                                                                 
20160603        603919          金徽酒          卖出            -1700.00        31.260          53142.00         53046.35          134578.06         580             E039302683        12982           580             2897138                 1800.00         37.80        1.06          53.14         2.59          1.06          证券卖出                                                                                                                                                                 
20160603        603919          金徽酒          卖出            -1800.00        32.720          58896.00         58789.98          193368.04         735             E039302683        12982           735             3837020                 0               41.89        1.18          58.90         2.87          1.18          证券卖出                                                                                                                                                                 
20160603        511880          银华日利        买入            1100.00         101.177         111294.70        -111294.70        82073.34          1235            E039302683        12982           1235            6374480                 1100.00         0            0             0             0             0             证券买入                                                                                                                                                                 
20160603        002673          西部证券        买入            1500.00         24.320          36480.00         -36509.18         45564.16          319             0603936443        354000          319             0102000003349343        1500.00         25.94        0.73          0             1.78          0.73          证券买入                                                                                                                                                                 
20160603        300469          信息发展        买入            300.00          121.800         36540.00         -36569.23         8994.93           511             0603936443        354000          511             0104000005639955        300.00          26.02        0.72          0             1.77          0.72          证券买入                                                                                                                                                                 
20160606        511880          银华日利        卖出            -500.00         101.193         50596.50         50596.50          59591.43          1349            E039302683        12982           1349            7487186                 600.00          0            0             0             0             0             证券卖出                                                                                                                                                                 
20160606        300104          乐视网          买入            1100.00         53.660          59026.00         -59073.22         518.21            1351            0603936443        354000          1351            0101000014249401        1100.00         41.99        1.18          0             2.87          1.18          证券买入                                                                                                                                                                 
20160607        511880          银华日利        卖出            -600.00         101.201         60720.60         60720.60          61238.81          242             E039302683        12982           242             888369                  0               0            0             0             0             0             证券卖出                                                                                                                                                                 
20160607        002230          科大讯飞        买入            1900.00         32.000          60800.00         -60848.64         390.17            247             0603936443        354000          247             0104000002286851        5900.00         43.24        1.22          0             2.96          1.22          证券买入                                                                                                                                                                 
20160608        002230          科大讯飞        卖出            -1900.00        34.030          64657.00         64540.61          64930.78          1353            0603936443        354000          1353            0101000015044375        4000.00         46.00        1.29          64.66         3.15          1.29          证券卖出                                                                                                                                                                 
20160608        300469          信息发展        买入            500.00          125.400         62700.00         -62750.16         2180.62           1502            0603936443        354000          1502            0102000016444505        800.00          44.61        1.25          0             3.05          1.25          证券买入                                                                                                                                                                 
20160608        300519          新光药业        买入            38.00           0               0                0                 2180.62           94              0603936443        354000          94                                      0               0            0             0             0             0             起始配号:6120267                                                                                                                                                         
20160613        002230          科大讯飞        买入            0               0               19.00            -19.00            2161.62                           0603936443        354000          0                                       0               0            0             0             0             0             股息红利税差异化处理资金下账 证券代码:'002230' 初始持有日期:'0'计税日期:'20160613' 税号:'0062394073'补税税率:'0.000000' 需纳税数量:'0.000000' 减持日期:'20160608'        
20160613        002801          微光股份        买入            29.00           0               0                0                 2161.62           659             0603936443        354000          659                                     0               0            0             0             0             0             起始配号:74667680                                                                                                                                                        
20160615        300518          盛讯达          买入            18.00           0               0                0                 2161.62           478             0603936443        354000          478                                     0               0            0             0             0             0             起始配号:29949093                                                                                                                                                        
20160616        002673          西部证券        卖出            0               23.440          330.00           330.00            2491.62                           0603936443        354000          0                                       0               0            0             0             0             0             股息入账:西部证券002673;股东账号：0603936443;                                                                                                                            
20160616        736909          合诚配号        买入            2.00            0               0                0                 2491.62           223             E039302683        12982           223                                     0               0            0             0             0             0             起始配号:100005786764                                                                                                                                                    
20160617        736958          哈森配号        买入            2.00            0               0                0                 2491.62           149             E039302683        12982           149                                     0               0            0             0             0             0             起始配号:100003377237                                                                                                                                                    
20160620        002802          洪汇新材        买入            21.00           0               0                0                 2497.16           307             0603936443        354000          307                                     0               0            0             0             0             0             起始配号:27861246                                                                                                                                                        
20160621        736016          宏泰配号        买入            2.00            0               0                0                 2497.16           94              E039302683        12982           94                                      0               0            0             0             0             0             起始配号:100000925702                                                                                                                                                    
20160622        791966          玲珑配号        买入            2.00            0               0                0                 2497.16           183             E039302683        12982           183                                     0               0            0             0             0             0             起始配号:100008838083                                                                                                                                                    
20160623        300522          世名科技        买入            33.00           0               0                0                 2497.16           32              0603936443        354000          32                                      0               0            0             0             0             0             起始配号:3470970                                                                                                                                                         
20160624        300521          爱司凯          买入            40.00           0               0                0                 2497.16           447             0603936443        354000          447                                     0               0            0             0             0             0             起始配号:48771739                                                                                                                                                        
20160627        002805          丰元股份        买入            19.00           0               0                0                 2497.16           562             0603936443        354000          562                                     0               0            0             0             0             0             起始配号:42157312                                                                                                                                                        
20160628        300520          科大国创        买入            18.00           0               0                0                 2497.16           1061            0603936443        354000          1061                                    0               0            0             0             0             0             起始配号:74873843                                                                                                                                                        
20160629        736069          海汽配号        买入            2.00            0               0                0                 2497.16           1801            E039302683        12982           1801                                    0               0            0             0             0             0             起始配号:100093836973                                                                                                                                                    
20160630        002803          吉宏股份        买入            23.00           0               0                0                 2497.16           488             0603936443        354000          488                                     0               0            0             0             0             0             起始配号:48403596                                                                                                                                                        
20160707        002230          科大讯飞        买入            1600.00         32.180          51488.00         -51529.19         2497.16           482             0603936443        354000          482             0103000004157570        5600.00         36.62        1.03          0             2.51          1.03          融资买入                                                                                                                                                                 
20160707        300517          海波重科        买入            20.00           0               0                0                 2497.16           40              0603936443        354000          40                                      0               0            0             0             0             0             起始配号:2411584                                                                                                                                                         
20160713        300523          辰安科技        买入            40.00           0               0                0                 2497.16           230             0603936443        354000          230                                     0               0            0             0             0             0             起始配号:15480154                                                                                                                                                        
20160714        002806          华锋股份        买入            40.00           0               0                0                 2497.16           961             0603936443        354000          961                                     0               0            0             0             0             0             起始配号:136636341                                                                                                                                                       
20160715        002312          三泰控股        卖出            0               18.330          155.00           155.00            2652.16                           0603936443        354000          0                                       0               0            0             0             0             0             股息入账:三泰控股002312;股东账号：0603936443;                                                                                                                            
20160715        002312          三泰控股        买入            1550.00         18.330          0                0                 2652.16                           0603936443        354000          0                                       4650.00         0            0             0             0             0             红股入账                                                                                                                                                                 
20160715        300525          博思软件        买入            34.00           0               0                0                 2652.16           139             0603936443        354000          139                                     0               0            0             0             0             0             起始配号:11134828                                                                                                                                                        
20160721        300526          中潜股份        买入            14.00           0               0                0                 2652.16           165             0603936443        354000          165                                     0               0            0             0             0             0             起始配号:9358722                                                                                                                                                         
20160722        300529          健帆生物        买入            24.00           0               0                0                 2652.16           267             0603936443        354000          267                                     0               0            0             0             0             0             起始配号:21067726                                                                                                                                                        
20160725        300527          华舟应急        买入            69.00           0               0                0                 2652.16           34              0603936443        354000          34                                      0               0            0             0             0             0             起始配号:1214379                                                                                                                                                         
20160726        300528          幸福蓝海        买入            62.00           0               0                0                 2652.16           30              0603936443        354000          30                                      0               0            0             0             0             0             起始配号:4571571                                                                                                                                                         
20160727        300531          优博讯          买入            40.00           0               0                0                 2652.16           1527            0603936443        354000          1527                                    0               0            0             0             0             0             起始配号:160612614                                                                                                                                                       
20160803        002808          苏州恒久        买入            24.00           0               0                0                 2652.16           524             0603936443        354000          524                                     0               0            0             0             0             0             起始配号:82637771                                                                                                                                                        
20160805        300532          今天国际        买入            16.00           0               0                0                 2652.16           104             0603936443        354000          104                                     0               0            0             0             0             0             起始配号:6264017                                                                                                                                                         
20160809        300533          冰川网络        买入            20.00           0               0                0                 2652.16           133             0603936443        354000          133                                     0               0            0             0             0             0             起始配号:7275585                                                                                                                                                         
20160810        300540          深冷股份        买入            40.00           0               0                0                 2652.16           16              0603936443        354000          16                                      0               0            0             0             0             0             起始配号:1457020                                                                                                                                                         
20160811        002809          红墙股份        买入            40.00           0               0                0                 2652.16           205             0603936443        354000          205                                     0               0            0             0             0             0             起始配号:21822456                                                                                                                                                        
20160812        300538          同益股份        买入            28.00           0               0                0                 2652.16           910             0603936443        354000          910                                     0               0            0             0             0             0             起始配号:139336192                                                                                                                                                       
20160816        002810          山东赫达        买入            17.00           0               0                0                 2652.16           46              0603936443        354000          46                                      0               0            0             0             0             0             起始配号:2487647                                                                                                                                                         
20160817        300537          广信材料        买入            20.00           0               0                0                 2652.16           7               0603936443        354000          7                                       0               0            0             0             0             0             起始配号:1964634                                                                                                                                                         
20160819        300539          横河模具        买入            18.00           0               0                0                 2652.16           751             0603936443        354000          751                                     0               0            0             0             0             0             起始配号:55978276                                                                                                                                                        
20160825        300543          朗科智能        买入            30.00           0               0                0                 2652.16           24              0603936443        354000          24                                      0               0            0             0             0             0             起始配号:1638439                                                                                                                                                         
20160830        002811          亚泰国际        买入            36.00           0               0                0                 2652.16           20              0603936443        354000          20                                      0               0            0             0             0             0             起始配号:3117242                                                                                                                                                         
20160831        002812          创新股份        买入            26.00           0               0                0                 2652.16           22              0603936443        354000          22                                      0               0            0             0             0             0             起始配号:2779252                                                                                                                                                         
20160901        300534          陇神戎发        买入            17.00           0               0                0                 2652.16           171             0603936443        354000          171                                     0               0            0             0             0             0             起始配号:7642761                                                                                                                                                         
20160902        300541          先进数通        买入            24.00           0               0                0                 2652.16           366             0603936443        354000          366                                     0               0            0             0             0             0             起始配号:31398568                                                                                                                                                        
20160905        300542          新晨科技        买入            17.00           0               0                0                 2652.16           276             0603936443        354000          276                                     0               0            0             0             0             0             起始配号:1671522                                                                                                                                                         
20160906        300536          农尚环境        买入            18.00           0               0                0                 2652.16           221             0603936443        354000          221                                     0               0            0             0             0             0             起始配号:16030679                                                                                                                                                        
20160914        300545          联得装备        买入            35.00           0               0                0                 2652.16           901             0603936443        354000          901                                     0               0            0             0             0             0             起始配号:176521716                                                                                                                                                       
20160919        300546          雄帝科技        买入            26.00           0               0                0                 2652.16           646             0603936443        354000          646                                     0               0            0             0             0             0             起始配号:69865761                                                                                                                                                        
20160920        300549          优德精密        买入            33.00           0               0                0                 2654.16           1346            0603936443        354000          1346                                    0               0            0             0             0             0             起始配号:185618728                                                                                                                                                       
20160922        002815          崇达技术        买入            30.00           0               0                0                 2654.16           7               0603936443        354000          7                                       0               0            0             0             0             0             起始配号:1426928                                                                                                                                                         
20160926        300548          博创科技        买入            16.00           0               0                0                 2654.16           80              0603936443        354000          80                                      0               0            0             0             0             0             起始配号:4159579                                                                                                                                                         
20160928        300551          古鳌科技        买入            36.00           0               0                0                 2654.16           399             0603936443        354000          399                                     0               0            0             0             0             0             起始配号:62676516                                                                                                                                                        
20160930        300550          和仁科技        买入            40.00           0               0                0                 2654.16           71              0603936443        354000          71                                      0               0            0             0             0             0             起始配号:8537530                                                                                                                                                         
20161011        300552          万集科技        买入            21.00           0               0                0                 2654.16           622             0603936443        354000          622                                     0               0            0             0             0             0             起始配号:70785495                                                                                                                                                        
20161012        002816          和科达          买入            20.00           0               0                0                 2654.16           892             0603936443        354000          892                                     0               0            0             0             0             0             起始配号:119807529                                                                                                                                                       
20161013        002817          黄山胶囊        买入            17.00           0               0                0                 2654.16           510             0603936443        354000          510                                     0               0            0             0             0             0             起始配号:75455064                                                                                                                                                        
20161019        300559          佳发安泰        买入            36.00           0               0                0                 2654.16           957             0603936443        354000          957                                     0               0            0             0             0             0             起始配号:149768218                                                                                                                                                       
20161020        300560          中富通          买入            35.00           0               0                0                 2654.16           88              0603936443        354000          88                                      0               0            0             0             0             0             起始配号:9568624                                                                                                                                                         
20161025        002818          富森美          买入            26.00           0               0                0                 2654.16           36              0603936443        354000          36                                      0               0            0             0             0             0             起始配号:1837316                                                                                                                                                         
20161026        002818          富森美          买入            0               23.490          11745.00         0                 2654.16           36              0603936443        354000          36              19005                   0               0            0             0             0             0             新股IPO申购中签, 冻结中签足额资金：11745                                                                                                                                 
20161026        002818          富森美          买入            500.00          23.490          0                0                 2654.16           36              0603936443        354000          36              19005                   500.00          0            0             0             0             0             新股IPO申购中签                                                                                                                                                          
20161026        300556          丝路视觉        买入            22.00           0               0                0                 2654.16           8               0603936443        354000          8                                       0               0            0             0             0             0             起始配号:2115291                                                                                                                                                         
20161027        002673          西部证券        卖出            -400.00         24.440          9776.00          9758.40           12412.56          1158            0603936443        354000          1158            0101000008886220        1100.00         6.94         0.20          9.78          0.48          0.20          证券卖出                                                                                                                                                                 
20161027        002818          富森美          买入            0               23.490          11745.00         11745.00          12412.56                          0603936443        354000          0                                       0               0            0             0             0             0             新股配售冻结取消                                                                                                                                                         
20161027        002818          富森美          买入            0               23.490          11745.00         -11745.00         12412.56                          0603936443        354000          0                                       0               0            0             0             0             0             新股配售中签冻结                                                                                                                                                         
20161027        300558          贝达药业        买入            24.00           0               0                0                 12412.56          7               0603936443        354000          7                                       0               0            0             0             0             0             起始配号:1467866                                                                                                                                                         
20161028        002673          西部证券        买入            0               0               8.80             -8.80             12403.76                          0603936443        354000          16691                                   0               0            0             0             0             0             股息红利税差异化处理资金下账 证券代码:'002673' 初始持有日期:'0'计税日期:'20161028' 税号:'0097117539'补税税率:'0.000000' 需纳税数量:'0.000000' 减持日期:'20161027'        
20161028        002818          富森美          卖出            0               23.490          11745.00         0                 12403.76                          0603936443        354000          0                                       0               0            0             0             0             0             IPO新股发行T+3日冻结解冻                                                                                                                                                 
20161028        002818          富森美          买入            0               23.490          11745.00         -11745.00         658.76                            0603936443        354000          36              3477                    500.00          0            0             0             0             0             新股IPO配售确认                                                                                                                                                          
20161028        002819          东方中科        买入            22.00           0               0                0                 658.76            901             0603936443        354000          901                                     0               0            0             0             0             0             起始配号:108141138                                                                                                                                                       
20161031        002818          富森美          买入            500.00          23.490          0                0                 658.76                            0603936443        354000          36              138                     500.00          0            0             0             0             0             新股入账                                                                                                                                                                 
20161102        300563          神宇股份        买入            40.00           0               0                0                 658.76            59              0603936443        354000          59                                      0               0            0             0             0             0             起始配号:5490850                                                                                                                                                         
20161103        300566          激智科技        买入            0               0               0                0                 658.76            111             0603936443        354000          111                                     0               0            0             0             0             0             失败原因:对应证券账户无效;错误号:B01                                                                                                                                     
20161104        300561          汇金科技        买入            0               0               0                0                 658.76            976             0603936443        354000          976                                     0               0            0             0             0             0             失败原因:对应证券账户无效;错误号:B01                                                                                                                                     
20161107        300562          乐心医疗        买入            29.00           0               0                0                 658.76            8               0603936443        354000          8                                       0               0            0             0             0             0             起始配号:2503058                                                                                                                                                         
20161108        002820          桂发祥          买入            25.00           0               0                0                 658.76            6               0603936443        354000          6                                       0               0            0             0             0             0             起始配号:2064581                                                                                                                                                         
20161109        002821          凯莱英          买入            0               0               0                0                 658.76            20              0603936443        354000          20                                      0               0            0             0             0             0             失败原因:对应证券账户无效;错误号:B01                                                                                                                                     
20161110        300565          科信技术        买入            0               0               0                0                 658.76            310             0603936443        354000          310                                     0               0            0             0             0             0             失败原因:对应证券账户无效;错误号:B01                                                                                                                                     
20161111        300567          精测电子        买入            0               0               0                0                 658.76            464             0603936443        354000          464                                     0               0            0             0             0             0             失败原因:对应证券账户无效;错误号:B01                                                                                                                                     
20161115        002823          凯中精密        买入            0               0               0                0                 658.76            17              0603936443        354000          17                                      0               0            0             0             0             0             失败原因:因多个证券账户参与新股申购无效;错误号:B01                                                                                                                       
20161116        300569          天能重工        买入            0               0               0                0                 658.76            47              0603936443        354000          47                                      0               0            0             0             0             0             失败原因:因多个证券账户参与新股申购无效;错误号:B01                                                                                                                       
20161117        002822          中装建设        买入            0               0               0                0                 658.76            14              0603936443        354000          14                                      0               0            0             0             0             0             失败原因:因多个证券账户参与新股申购无效;错误号:B01                                                                                                                       
20161118        002825          纳尔股份        买入            0               0               0                0                 658.76            13              0603936443        354000          13                                      0               0            0             0             0             0             失败原因:因多个证券账户参与新股申购无效;错误号:B01                                                                                                                       
