-------------------------------------------------------------------------------------------------------

发生日期        证券代码        证券名称        买卖标志        成交数量        成交价格        成交金额         发生金额          剩余金额         申报序号        股东代码          席位代码        委托编号        成交编号                证券数量        佣金         过户费        印花税        经手费        证管费        备注                                                                                                                                                                     
20161121        300568          星源材质        买入            0               0               0                0                 658.76           27              0603936443        354000          27                                      0               0            0             0             0             0             失败原因:因多个证券账户参与新股申购无效;错误号:B01                                                                                                                       
20161122        002826          易明医药        买入            0               0               0                0                 658.76           107             0603936443        354000          107                                     0               0            0             0             0             0             失败原因:因多个证券账户参与新股申购无效;错误号:B01                                                                                                                       
20161123        300572          安车检测        买入            0               0               0                0                 658.76           13              0603936443        354000          13                                      0               0            0             0             0             0             失败原因:因多个证券账户参与新股申购无效;错误号:B01                                                                                                                       
20161124        002818          富森美          卖出            -500.00         89.310          44655.00         44574.62          45233.38         658             0603936443        354000          658             0102000004519166        0               31.77        0.89          44.66         2.17          0.89          证券卖出                                                                                                                                                                 
20161124        300383          光环新网        买入            500.00          32.080          16040.00         -16052.83         29180.55         1622            0603936443        354000          1622            0103000012050070        500.00          11.41        0.32          0             0.78          0.32          证券买入                                                                                                                                                                 
20161124        300570          太辰光          买入            23.00           0               0                0                 29180.55         7               0603936443        354000          7                                       0               0            0             0             0             0             起始配号:2479454                                                                                                                                                         
20161125        300383          光环新网        卖出            -500.00         31.420          15710.00         15681.72          44862.27         534             0603936443        354000          534             0104000003568470        0               11.18        0.31          15.71         0.77          0.31          证券卖出                                                                                                                                                                 
20161125        002827          高争民爆        买入            0               0               0                0                 44862.27         35              0603936443        354000          35                                      0               0            0             0             0             0             失败原因:因多个证券账户参与新股申购无效;错误号:B01                                                                                                                       
20161128        002828          贝肯能源        买入            0               0               0                0                 44862.27         28              0603936443        354000          28                                      0               0            0             0             0             0             失败原因:因多个证券账户参与新股申购无效;错误号:B01                                                                                                                       
20161129        002818          富森美          买入            200.00          76.460          15292.00         -15304.23         29558.04         2086            0603936443        354000          2086            0104000015276242        200.00          10.87        0.31          0             0.74          0.31          证券买入                                                                                                                                                                 
20161129        300573          兴齐眼药        买入            0               0               0                0                 29558.04         16              0603936443        354000          16                                      0               0            0             0             0             0             失败原因:因多个证券账户参与新股申购无效;错误号:B01                                                                                                                       
20161130        002818          富森美          买入            100.00          75.000          7500.00          -7506.00          22052.04         1670            0603936443        354000          1670            0104000011658582        300.00          5.33         0.15          0             0.37          0.15          证券买入                                                                                                                                                                 
20161130        002818          富森美          买入            100.00          74.070          7407.00          -7412.93          14639.11         1897            0603936443        354000          1897            0104000013483639        400.00          5.27         0.15          0             0.36          0.15          证券买入                                                                                                                                                                 
20161130        300571          平治信息        买入            0               0               0                0                 14639.11         149             0603936443        354000          149                                     0               0            0             0             0             0             失败原因:因多个证券账户参与新股申购无效;错误号:B01                                                                                                                       
20161201        002818          富森美          卖出            -100.00         76.550          7655.00          7641.22           22280.33         1379            0603936443        354000          1379            0101000009832094        300.00          5.45         0.15          7.66          0.37          0.15          证券卖出                                                                                                                                                                 
20161201        002818          富森美          卖出            -100.00         78.000          7800.00          7785.96           30066.29         298             0603936443        354000          298             0101000010274133        200.00          5.54         0.16          7.80          0.38          0.16          证券卖出                                                                                                                                                                 
20161201        002830          名雕股份        买入            0               0               0                0                 30066.29         137             0603936443        354000          137                                     0               0            0             0             0             0             失败原因:因多个证券账户参与新股申购无效;错误号:B01                                                                                                                       
20161202        002818          富森美          买入            100.00          74.460          7446.00          -7451.96          22614.33         688             0603936443        354000          688             0104000004688973        300.00          5.30         0.15          0             0.36          0.15          证券买入                                                                                                                                                                 
20161202        002829          星网宇达        买入            0               0               0                0                 22614.33         239             0603936443        354000          239                                     0               0            0             0             0             0             失败原因:因多个证券账户参与新股申购无效;错误号:B01                                                                                                                       
20161205        002831          裕同科技        买入            0               0               0                0                 22614.33         99              0603936443        354000          99                                      0               0            0             0             0             0             失败原因:因多个证券账户参与新股申购无效;错误号:B01                                                                                                                       
20161206        300575          中旗股份        买入            0               0               0                0                 22614.33         295             0603936443        354000          295                                     0               0            0             0             0             0             失败原因:因多个证券账户参与新股申购无效;错误号:B01                                                                                                                       
20161207        300576          容大感光        买入            0               0               0                0                 22614.33         69              0603936443        354000          69                                      0               0            0             0             0             0             失败原因:因多个证券账户参与新股申购无效;错误号:B01                                                                                                                       
20161208        300577          开润股份        买入            0               0               0                0                 22614.33         413             0603936443        354000          413                                     0               0            0             0             0             0             失败原因:因多个证券账户参与新股申购无效;错误号:B01                                                                                                                       
20161209        002818          富森美          买入            100.00          71.860          7186.00          -7191.75          15422.58         176             0603936443        354000          176             0101000001115882        400.00          5.12         0.14          0             0.35          0.14          证券买入                                                                                                                                                                 
20161209        002818          富森美          买入            100.00          70.650          7065.00          -7070.65          8351.93          1525            0603936443        354000          1525            0101000011811917        500.00          5.03         0.14          0             0.34          0.14          证券买入                                                                                                                                                                 
20161209        300581          晨曦航空        买入            0               0               0                0                 8351.93          73              0603936443        354000          73                                      0               0            0             0             0             0             失败原因:因多个证券账户参与新股申购无效;错误号:B01                                                                                                                       
20161212        002818          富森美          买入            100.00          68.550          6855.00          -6860.48          1491.45          423             0603936443        354000          423             0103000003049601        600.00          4.87         0.14          0             0.33          0.14          证券买入                                                                                                                                                                 
20161212        300579          数字认证        买入            0               0               0                0                 1491.45          157             0603936443        354000          157                                     0               0            0             0             0             0             失败原因:因多个证券账户参与新股申购无效;错误号:B01                                                                                                                       
20161214        002312          三泰控股        卖出            -4650.00        8.700           40455.00         40382.18          41873.63         550             0603936443        354000          550             0103000004178829        0               28.79        0.80          40.46         1.97          0.80          证券卖出                                                                                                                                                                 
20161214        002832          比音勒芬        买入            21.00           0               0                0                 89.63            4               0603936443        354000          4                                       0               0            0             0             0             0             起始配号:2050472                                                                                                                                                         
20161215        002312          三泰控股        买入            0               0               15.50            -15.50            74.13                            0603936443        354000          9573                                    0               0            0             0             0             0             股息红利税差异化处理资金下账 证券代码:'002312' 初始持有日期:'0'计税日期:'20161215' 税号:'0102136231'补税税率:'0.000000' 需纳税数量:'0.000000' 减持日期:'20161214'        
20161215        002835          同为股份        买入            0               0               0                0                 74.13            9               0603936443        354000          9                                       0               0            0             0             0             0             失败原因:因多个证券账户参与新股申购无效;错误号:B01                                                                                                                       
20161216        300582          英飞特          买入            0               0               0                0                 74.13            63              0603936443        354000          63                                      0               0            0             0             0             0             失败原因:因多个证券账户参与新股申购无效;错误号:B01                                                                                                                       
20161219        002833          弘亚数控        买入            0               0               0                0                 74.13            203             0603936443        354000          203                                     0               0            0             0             0             0             失败原因:因多个证券账户参与新股申购无效;错误号:B01                                                                                                                       
20161219        002837          英维克          买入            0               0               0                0                 74.13            205             0603936443        354000          205                                     0               0            0             0             0             0             失败原因:因多个证券账户参与新股申购无效;错误号:B01                                                                                                                       
20161220        300585          奥联电子        买入            0               0               0                0                 79.11            3               0603936443        354000          3                                       0               0            0             0             0             0             失败原因:因多个证券账户参与新股申购无效;错误号:B01                                                                                                                       
20161221        002836          新宏泽          买入            0               0               0                0                 79.11            461             0603936443        354000          461                                     0               0            0             0             0             0             失败原因:因多个证券账户参与新股申购无效;错误号:B01                                                                                                                       
20161222        300586          美联新材        买入            0               0               0                0                 79.11            312             0603936443        354000          312                                     0               0            0             0             0             0             失败原因:因多个证券账户参与新股申购无效;错误号:B01                                                                                                                       
20161223        300469          信息发展        卖出            -800.00         79.800          63840.00         63725.09          63804.20         1101            0603936443        354000          1101            0101000007937432        0               45.40        1.28          63.84         3.11          1.28          证券卖出                                                                                                                                                                 
20161223        002673          西部证券        卖出            -1100.00        21.000          23100.00         23058.42          86862.62         1117            0603936443        354000          1117            0101000008080776        0               16.44        0.46          23.10         1.12          0.46          证券卖出                                                                                                                                                                 
20161223        002818          富森美          卖出            -600.00         61.900          37140.00         37073.15          123935.77        1124            0603936443        354000          1124            0103000007361464        0               26.43        0.74          37.14         1.80          0.74          证券卖出                                                                                                                                                                 
20161223        300588          熙菱信息        买入            0               0               0                0                 112254.81        131             0603936443        354000          131                                     0               0            0             0             0             0             失败原因:因多个证券账户参与新股申购无效;错误号:B01                                                                                                                       
20161226        002230          科大讯飞        卖出            -2000.00        26.450          52900.00         52804.78          165059.59        389             0603936443        354000          389             0104000002916910        3600.00         37.62        1.06          52.90         2.58          1.06          证券卖出                                                                                                                                                                 
20161226        002673          西部证券        买入            0               0               24.20            -24.20            165035.39                        0603936443        354000          8392                                    0               0            0             0             0             0             股息红利税差异化处理资金下账 证券代码:'002673' 初始持有日期:'0'计税日期:'20161226' 税号:'0102572279'补税税率:'0.000000' 需纳税数量:'0.000000' 减持日期:'20161223'        
20161226        002838          道恩股份        买入            0               0               0                0                 165035.39        208             0603936443        354000          208                                     0               0            0             0             0             0             失败原因:因多个证券账户参与新股申购无效;错误号:B01                                                                                                                       
20161226        300587          天铁股份        买入            0               0               0                0                 165035.39        206             0603936443        354000          206                                     0               0            0             0             0             0             失败原因:因多个证券账户参与新股申购无效;错误号:B01                                                                                                                       
20161227        002230          科大讯飞        买入            0               0               20.00            -20.00            165015.39                        0603936443        354000          6407                                    0               0            0             0             0             0             股息红利税差异化处理资金下账 证券代码:'002230' 初始持有日期:'0'计税日期:'20161227' 税号:'0102628196'补税税率:'0.000000' 需纳税数量:'0.000000' 减持日期:'20161226'        
20161228        511880          银华日利        买入            1600.00         102.534         164054.40        -164054.40        960.99           903             E039302683        12982           903             4484932                 1600.00         0            0             0             0             0             证券买入                                                                                                                                                                 
20161228        300591          万里马          买入            0               0               0                0                 960.99           106             0603936443        354000          106                                     0               0            0             0             0             0             失败原因:因多个证券账户参与新股申购无效;错误号:B01                                                                                                                       
20161229        300590          移为通信        买入            0               0               0                0                 960.99           293             0603936443        354000          293                                     0               0            0             0             0             0             失败原因:因多个证券账户参与新股申购无效;错误号:B01                                                                                                                       
20161230        300584          海辰药业        买入            0               0               0                0                 960.99           1042            0603936443        354000          1042                                    0               0            0             0             0             0             失败原因:因多个证券账户参与新股申购无效;错误号:B01                                                                                                                       
20161230        300580          贝斯特          买入            0               0               0                0                 960.99           1040            0603936443        354000          1040                                    0               0            0             0             0             0             失败原因:因多个证券账户参与新股申购无效;错误号:B01                                                                                                                       
20170103        002824          和胜股份        买入            0               0               0                0                 960.99           296             0603936443        354000          296                                     0               0            0             0             0             0             失败原因:因多个证券账户参与新股申购无效;错误号:B01                                                                                                                       
20170104        511880          银华日利        卖出            0               0               4064.00          4064.00           5024.99                          E039302683        09X24           0               0                       0               0            0             0             0             0             股息入账:银华日利511880;股东账号：E039302683;                                                                                                                            
20170104        300589          江龙船艇        买入            0               0               0                0                 5024.99          294             0603936443        354000          294                                     0               0            0             0             0             0             失败原因:因多个证券账户参与新股申购无效;错误号:B01                                                                                                                       
20170104        300593          新雷能          买入            0               0               0                0                 5024.99          292             0603936443        354000          292                                     0               0            0             0             0             0             失败原因:因多个证券账户参与新股申购无效;错误号:B01                                                                                                                       
20170105        600883          博闻科技        买入            200.00          16.360          3272.00          -3277.00          1747.99          129             E039302683        12982           129             208306                  200.00          4.70         0.07          0             0.16          0.07          证券买入                                                                                                                                                                 
20170105        600883          博闻科技        买入            100.00          16.410          1641.00          -1646.00          101.99           615             E039302683        12982           615             3045427                 300.00          4.86         0.03          0             0.08          0.03          证券买入                                                                                                                                                                 
20170105        002842          翔鹭钨业        买入            0               0               0                0                 101.99           97              0603936443        354000          97                                      0               0            0             0             0             0             失败原因:因多个证券账户参与新股申购无效;错误号:B01                                                                                                                       
20170106        600883          博闻科技        卖出            -300.00         15.790          4737.00          4727.26           4829.25          1783            E039302683        12982           1783            10594055                0               4.59         0.09          4.74          0.23          0.09          证券卖出                                                                                                                                                                 
20170106        300596          利安隆          买入            0               0               0                0                 4829.25          179             0603936443        354000          179                                     0               0            0             0             0             0             失败原因:因多个证券账户参与新股申购无效;错误号:B01                                                                                                                       
20170106        300595          欧普康视        买入            0               0               0                0                 4829.25          178             0603936443        354000          178                                     0               0            0             0             0             0             失败原因:因多个证券账户参与新股申购无效;错误号:B01                                                                                                                       
20170109        300592          华凯创意        买入            0               0               0                0                 4829.25          56              0603936443        354000          56                                      0               0            0             0             0             0             失败原因:因多个证券账户参与新股申购无效;错误号:B01                                                                                                                       
20170109        002841          视源股份        买入            0               0               0                0                 4829.25          53              0603936443        354000          53                                      0               0            0             0             0             0             失败原因:因多个证券账户参与新股申购无效;错误号:B01                                                                                                                       
20170110        002843          泰嘉股份        买入            0               0               0                0                 4829.25          317             0603936443        354000          317                                     0               0            0             0             0             0             失败原因:因多个证券账户参与新股申购无效;错误号:B01                                                                                                                       
20170111        300599          雄塑科技        买入            0               0               0                0                 4829.25          275             0603936443        354000          275                                     0               0            0             0             0             0             失败原因:因多个证券账户参与新股申购无效;错误号:B01                                                                                                                       
20170111        300598          诚迈科技        买入            0               0               0                0                 4829.25          270             0603936443        354000          270                                     0               0            0             0             0             0             失败原因:因多个证券账户参与新股申购无效;错误号:B01                                                                                                                       
20170112        002839          张家港行        买入            0               0               0                0                 4829.25          12              0603936443        354000          12                                      0               0            0             0             0             0             失败原因:因多个证券账户参与新股申购无效;错误号:B01                                                                                                                       
20170112        300597          吉大通信        买入            0               0               0                0                 4829.25          14              0603936443        354000          14                                      0               0            0             0             0             0             失败原因:因多个证券账户参与新股申购无效;错误号:B01                                                                                                                       
20170113        511880          银华日利        买入            1000.00         100.192         100192.00        -100192.00        -95362.75        620             E039302683        12982           620             3804703                 2600.00         0            0             0             0             0             证券买入                                                                                                                                                                 
20170113        002230          科大讯飞        卖出            -3600.00        27.170          97812.00         97635.93          2273.18          583             0603936443        354000          583             0104000004261568        0               69.59        1.95          97.82         4.76          1.95          证券卖出                                                                                                                                                                 
20170113        002845          同兴达          买入            0               0               0                0                 2273.18          392             0603936443        354000          392                                     0               0            0             0             0             0             失败原因:因多个证券账户参与新股申购无效;错误号:B01                                                                                                                       
20170116        511880          银华日利        买入            400.00          100.192         40076.80         -40076.80         -37803.62        1289            E039302683        12982           1289            9370301                 3000.00         0            0             0             0             0             证券买入                                                                                                                                                                 
20170116        300104          乐视网          卖出            -1100.00        35.600          39160.00         39089.51          1285.89          1280            0603936443        354000          1280            0104000010176216        0               27.86        0.78          39.16         1.91          0.78          证券卖出                                                                                                                                                                 
20170116        002230          科大讯飞        买入            0               0               1.00             -1.00             1284.89                          0603936443        354000          4530                                    0               0            0             0             0             0             股息红利税差异化处理资金下账 证券代码:'002230' 初始持有日期:'0'计税日期:'20170116' 税号:'0103293880'补税税率:'0.000000' 需纳税数量:'0.000000' 减持日期:'20170113'        
20170116        300578          会畅通讯        买入            0               0               0                0                 1284.89          5               0603936443        354000          5                                       0               0            0             0             0             0             失败原因:因多个证券账户参与新股申购无效;错误号:B01                                                                                                                       
20170116        300600          瑞特股份        买入            0               0               0                0                 1284.89          4               0603936443        354000          4                                       0               0            0             0             0             0             失败原因:因多个证券账户参与新股申购无效;错误号:B01                                                                                                                       
20170117        300602          飞荣达          买入            0               0               0                0                 1284.89          527             0603936443        354000          527                                     0               0            0             0             0             0             失败原因:因多个证券账户参与新股申购无效;错误号:B01                                                                                                                       
20170117        300603          立昂技术        买入            0               0               0                0                 1284.89          528             0603936443        354000          528                                     0               0            0             0             0             0             失败原因:因多个证券账户参与新股申购无效;错误号:B01                                                                                                                       
20170118        300606          金太阳          买入            0               0               0                0                 1284.89          216             0603936443        354000          216                                     0               0            0             0             0             0             失败原因:因多个证券账户参与新股申购无效;错误号:B01                                                                                                                       
20170119        002846          英联股份        买入            0               0               0                0                 1284.89          244             0603936443        354000          244                                     0               0            0             0             0             0             失败原因:因多个证券账户参与新股申购无效;错误号:B01                                                                                                                       
20170119        002847          盐津铺子        买入            0               0               0                0                 1284.89          245             0603936443        354000          245                                     0               0            0             0             0             0             失败原因:因多个证券账户参与新股申购无效;错误号:B01                                                                                                                       
